x <- (3*2)+1
x
y <- 725 %/% 7
y

z <-  725 %% 7
z

xi <- pi
xi